46 2008 06 23 01 00 00.00  -3281.279168  -2682.320385  -5272.998137  5.42518767 -5.38381721 -0.64320019
46 2008 06 23 01 30 00.00   5745.756261  -3004.466126   1890.648449  0.83834459  5.16887866  5.62198151
46 2008 06 23 02 00 00.00  -1995.203441   5407.603400   3504.540062 -6.19633428  0.64626555 -4.51192750
46 2008 06 23 02 30 00.00  -3924.725584  -1984.033449  -5139.747615  4.84380320 -5.76030365 -1.48330935
46 2008 06 23 03 00 00.00   5583.158056  -3618.569171   1170.576950  1.75644867  4.63215331  5.87007619
46 2008 06 23 03 30 00.00  -1202.412941   5272.161766   4031.520820 -6.45654207  1.51534205 -3.89867205
46 2008 06 23 04 00 00.00  -4489.151029  -1245.882431  -4903.091619  4.16478361 -6.02096648 -2.29379094
46 2008 06 23 04 30 00.00   5307.795624  -4159.532203    426.916224  2.63838671  4.00230194  5.99945039
46 2008 06 23 05 00 00.00   -385.286787   5029.747046   4476.650023 -6.58576937  2.35384767 -3.20616478
46 2008 06 23 05 30 00.00  -4963.184347   -482.717194  -4567.778193  3.40169078 -6.16051749 -3.05837939
46 2008 06 23 06 00 00.00   4925.329333  -4616.504882   -325.304155  3.46643320  3.29217164  6.00768384
46 2008 06 23 06 30 00.00    439.594778   4685.277172   4830.895269 -6.58134856  3.14468185 -2.44850230
46 2008 06 23 07 00 00.00  -5337.263479    290.107007  -4140.534217  2.56977532 -6.17607294 -3.76170440
46 2008 06 23 07 30 00.00   4443.565335  -4980.348300  -1070.910834  4.22400204  2.51618088  5.89479734
46 2008 06 23 08 00 00.00   1255.495998   4245.748018   5087.076637 -6.44335923  3.87171963 -1.64112433
46 2008 06 23 08 30 00.00  -5603.826021   1057.034012  -3629.932716  1.68568177 -6.06721584 -4.38959394
46 2008 06 23 09 00 00.00   3872.291333  -5243.810849  -1794.890146  4.89596870  1.69002313  5.66323665
46 2008 06 23 09 30 00.00   2045.868086   3720.089231   5240.012498 -6.17462669  4.52014791 -0.80049186
46 2008 06 23 10 00 00.00  -5757.461421   1802.615285  -3046.224657  0.76712624 -5.83601183 -4.92935615
46 2008 06 23 10 30 00.00   3223.074839  -5401.666152  -2482.686443  5.46896032  0.83034935  5.31780978
46 2008 06 23 11 00 00.00   2794.687653   3118.980439   5286.624250 -5.78066208  5.07677386  0.05625633
46 2008 06 23 11 30 00.00  -5795.021858   2511.817050  -2401.137962 -0.16744843 -5.48697849 -5.37003519
46 2008 06 23 12 00 00.00   2509.028485  -5450.810819  -3120.489336  5.93160877 -0.04556387  4.86557999
46 2008 06 23 12 30 00.00   3486.783947   2454.631819   5225.997869 -5.26954528  5.53029860  0.91166125
46 2008 06 23 13 00 00.00  -5715.689781   3170.320742  -1707.647080 -1.09923455 -5.02700740 -5.70263636
46 2008 06 23 13 30 00.00   1744.546777  -5390.320862  -3695.505204  6.27476368 -0.92015476  4.31571761
46 2008 06 23 14 00 00.00   4108.148201   1740.533536   5059.401075 -4.65175350  5.87155004  1.74830749
46 2008 06 23 14 30 00.00  -5521.000347   3764.811002   -979.717165 -2.00943217 -4.46523963 -5.92031574
46 2008 06 23 15 00 00.00    945.019593  -5221.466229  -4196.208035  6.49166227 -1.77591912  3.67931399
46 2008 06 23 15 30 00.00   4646.218983    991.179217   4790.255942 -3.93993932  6.09367006  2.54918521
46 2008 06 23 16 00 00.00  -5214.817865   4283.246098   -232.026927 -2.87962636 -3.81289531 -6.01853003
46 2008 06 23 16 30 00.00    126.526819  -4947.683302  -4612.565988  6.57805432 -2.59575058  2.96916069
46 2008 06 23 17 00 00.00   5090.137961    221.768507   4424.067179 -3.14866290  6.19225220  3.29804291
46 2008 06 23 17 30 00.00  -4803.265486   4715.105239    520.325279 -3.69216207 -3.08305909 -5.99514243
46 2008 06 23 18 00 00.00   -694.480319  -4574.505593  -4936.239117  6.53228001 -3.36327239  2.19949784
46 2008 06 23 18 30 00.00   5430.970431   -552.104922   3968.307339 -2.29408432  6.16542638  3.97972291
46 2008 06 23 19 00 00.00  -4294.608437   5051.607187   1262.126502 -4.43050871 -2.29042429 -5.85048056
46 2008 06 23 19 30 00.00  -1501.505720  -4109.453452  -5160.744589  6.35529949 -4.06315536  1.38573540
46 2008 06 23 20 00 00.00   5661.885673  -1314.773491   3432.261035 -1.39362306  6.01388913  4.58047211
46 2008 06 23 20 30 00.00  -3699.092120   5285.894776   1978.359190 -5.07960611 -1.45100002 -5.58734370
46 2008 06 23 21 00 00.00  -2278.336277  -3561.884579  -5281.585667  6.05067295 -4.68141619  0.54415240
46 2008 06 23 21 30 00.00   5778.293056  -2050.816747   2826.831530 -0.46559260  5.74087879  5.08822098
46 2008 06 23 22 00 00.00  -3028.737712   5413.180658   2654.509447 -5.62618347 -0.58178679 -5.21095760
46 2008 06 23 22 30 00.00  -3009.364887  -2942.807815  -5296.341692  5.62449135 -5.20569059 -0.30842105
46 2008 06 23 23 00 00.00   5777.930886  -2745.376497   2164.313765  0.47118147  5.35209678  5.49282472
46 2008 06 23 23 30 00.00  -2297.099043   5430.850215   3276.866563 -6.05904318  0.29957258 -4.72887653
46 2008 06 24 00 00 00.00  -3679.901813  -2264.663839  -5204.716730  5.08525862 -5.62547588 -1.15493274
46 2008 06 24 00 30 00.00   5660.906102  -3384.458747   1458.139195  1.39775074  4.85557726  5.78626129
46 2008 06 24 01 00 00.00  -1518.985886   5338.518801   3832.806754 -6.36930203  1.17515884 -4.15083401
46 2008 06 24 01 30 00.00  -4276.467945  -1541.077178  -5008.545812  4.44372725 -5.93233819 -1.97844210
46 2008 06 24 02 00 00.00   5429.684322  -3955.215747    722.598457  2.29543152  4.26150935  5.96278272
46 2008 06 24 02 30 00.00   -710.159944   5138.041764   4311.054424 -6.55058333  2.02715042 -3.48854497
46 2008 06 24 03 00 00.00  -4787.063986   -786.584587  -4711.758632  3.71269044 -6.12008035 -2.76245256
46 2008 06 24 03 30 00.00   5089.031186  -4446.202305    -27.451717  3.14618226  3.58201679  6.01901736
46 2008 06 24 04 00 00.00    112.989728   4833.476929   4701.915022 -6.59915500  2.83819681 -2.75546378
46 2008 06 24 04 30 00.00  -5201.410101    -16.345320  -4320.301457  2.90673427 -6.18486712 -3.49123606
46 2008 06 24 05 00 00.00   4645.907055  -4847.601231   -776.890727  3.93296268  2.83090119  5.95402205
46 2008 06 24 05 30 00.00    933.784217   4431.000543   4997.474128 -6.51400996  3.59178229 -1.96650393
46 2008 06 24 06 00 00.00  -5511.151273    754.160664  -3842.019147  2.04195490 -6.12530537 -4.15014352
46 2008 06 24 06 30 00.00   4109.318280  -5151.413797  -1510.638842  4.64006776  2.02335506  5.76928489
46 2008 06 24 07 00 00.00   1735.597464   3938.778984   5191.758592 -6.29688754  4.27257122 -1.13772633
46 2008 06 24 07 30 00.00  -5710.024405   1509.440296  -3286.500026  1.13564618 -5.94247783 -4.72589538
46 2008 06 24 08 00 00.00   3490.129467  -5351.612224  -2213.957878  5.25343038  1.17565198  5.46867991
46 2008 06 24 08 30 00.00   2502.197110   3366.799368   5280.856914 -5.95223519  4.86672740 -0.28600323
46 2008 06 24 09 00 00.00  -5793.984469   2234.295366  -2664.886659  0.20596284 -5.63992985 -5.20684751
46 2008 06 24 09 30 00.00   2800.841477  -5444.251871  -2872.741674  5.76088790  0.30482118  5.05837751
46 2008 06 24 10 00 00.00   3218.073280   2726.665236   5262.996469 -5.48711424  5.36219932  0.57133167
46 2008 06 24 10 30 00.00  -5761.288847   2914.124371  -1989.657887 -0.72843357 -5.22360881 -5.58322635
46 2008 06 24 11 00 00.00   2055.338117  -5427.543793  -3473.794857  6.15241089 -0.57169102  4.54671084
46 2008 06 24 11 30 00.00   3868.756619   2031.356518   5138.577714 -4.91104844  5.74896980  1.41684642
46 2008 06 24 12 00 00.00  -5612.535971   3535.214998  -1274.382089 -1.64874293 -4.70175795 -5.84733227
46 2008 06 24 12 30 00.00   1268.609746  -5301.884351  -4005.089573  6.42028791 -1.43636136  3.94400446
46 2008 06 24 13 00 00.00   4441.111246   1294.964009   4910.163528 -4.23582167  6.01925924  2.23337184
