46 2008 06 23 01 00 00.00  -3281.279168  -2682.320385  -5272.998137  5.42518767 -5.38381721 -0.64320019
46 2008 06 23 01 30 00.00   5745.756554  -3004.466286   1890.648588  0.83834508  5.16887843  5.62198166
46 2008 06 23 02 00 00.00  -1995.201541   5407.604673   3504.542628 -6.19633476  0.64626894 -4.51192478
46 2008 06 23 02 30 00.00  -3924.734835  -1984.026045  -5139.748125  4.84379375 -5.76030604 -1.48331911
46 2008 06 23 03 00 00.00   5583.155759  -3618.585654   1170.559571  1.75647035  4.63213774  5.87007901
46 2008 06 23 03 30 00.00  -1202.384205   5272.158262   4031.540916 -6.45654775  1.51537366 -3.89864670
46 2008 06 23 04 00 00.00  -4489.183874  -1245.843211  -4903.081225  4.16474107 -6.02097422 -2.29383314
46 2008 06 23 04 30 00.00   5307.775197  -4159.576785    426.856971  2.63845286  4.00224672  5.99945206
46 2008 06 23 05 00 00.00   -385.204275   5029.722479   4476.694564 -6.58577333  2.35392955 -3.20608979
46 2008 06 23 05 30 00.00  -4963.245911   -482.620698  -4567.736651  3.40158510 -6.16052238 -3.05847131
46 2008 06 23 06 00 00.00   4925.266235  -4616.580052   -325.428236  3.46655991  3.29204741  6.00766956
46 2008 06 23 06 30 00.00    439.755460   4685.207036   4830.961022 -6.58133161  3.14482845 -2.44834773
46 2008 06 23 07 00 00.00  -5337.347636    290.283254  -4140.434707  2.56957413 -6.17605554 -3.76185428
46 2008 06 23 07 30 00.00   4443.428775  -4980.445741  -1071.117429  4.22419472  2.51595727  5.89474230
46 2008 06 23 08 00 00.00   1255.752564   4245.602404   5087.149481 -6.44329134  3.87193457 -1.64086164
46 2008 06 23 08 30 00.00  -5603.914930   1057.305806  -3629.745108  1.68535501 -6.06714690 -4.38979856
46 2008 06 23 09 00 00.00   3872.047854  -5243.911433  -1795.188624  4.89621999  1.68967277  5.66310826
46 2008 06 23 09 30 00.00   2046.228475   3719.836241   5240.068182 -6.17446977  4.52042234 -0.80009795
46 2008 06 23 10 00 00.00  -5757.526528   1802.988975  -3045.919105  0.76665035 -5.83585501 -4.92959990
46 2008 06 23 10 30 00.00   3222.692186  -5401.741153  -2483.075778  5.46924944  0.82985160  5.31757083
46 2008 06 23 11 00 00.00   2795.148093   3118.589730   5286.630280 -5.78037368  5.07708620  0.05679577
46 2008 06 23 11 30 00.00  -5795.026082   2512.287929  -2400.688337 -0.16808706 -5.48669375 -5.37029061
46 2008 06 23 12 00 00.00   2508.479211  -5450.824080  -3120.957243  5.93190238 -0.04622003  4.86519222
46 2008 06 23 12 30 00.00   3487.328298   2454.077788   5225.916132 -5.26908248  5.53061555  0.91234948
46 2008 06 23 13 00 00.00  -5715.590401   3170.872633  -1707.033798 -1.10003738 -5.02655452 -5.70286577
46 2008 06 23 13 30 00.00   1743.811138  -5390.231503  -3696.028425  6.27501778 -0.92096890  4.31514516
46 2008 06 23 14 00 00.00   4108.748495   1739.797764   5059.190735 -4.65107653  5.87182850  1.74913567
46 2008 06 23 14 30 00.00  -5520.752078   3765.416937   -978.929050 -2.01038767 -4.46458124 -5.92047363
46 2008 06 23 15 00 00.00    944.087338  -5221.231384  -4196.753621  6.49182490 -1.77687885  3.67852613
46 2008 06 23 15 30 00.00   4646.836871    990.251908   4789.876082 -3.93901436  6.09385955  2.55013243
46 2008 06 23 16 00 00.00  -5214.375556   4283.869670   -231.062046 -2.88071021 -3.81199925 -6.01856552
46 2008 06 23 16 30 00.00    125.397970  -4947.260436  -4613.092981  6.57806828 -2.59683186  2.96813373
46 2008 06 23 17 00 00.00   5090.726463    220.649168   4423.478893 -3.14746404  6.19229718  3.29907700
46 2008 06 23 17 30 00.00  -4802.586204   4715.702099    521.459441 -3.69333799 -3.08189991 -5.99500145
46 2008 06 23 18 00 00.00   -695.795368  -4573.854223  -4936.700211  6.53208531 -3.36444032  2.19821624
46 2008 06 23 18 30 00.00   5431.475574   -553.407275   3967.475222 -2.29259488  6.16526825  3.98080136
46 2008 06 23 19 00 00.00  -4293.652968   5052.126319   1263.413160 -4.43172929 -2.28898435 -5.85010755
46 2008 06 23 19 30 00.00  -1502.986366  -4108.536363  -5161.087449  6.35483515 -4.06436501  1.38419236
46 2008 06 23 20 00 00.00   5662.247810  -1316.240220   3431.154245 -1.39183652  6.01346787  4.58154298
46 2008 06 23 20 30 00.00  -3697.826123   5286.279434   1979.772304 -5.08081343 -1.44927038 -5.58668290
46 2008 06 23 21 00 00.00  -2279.951749  -3560.668776  -5281.753833  6.04987840 -4.68261312  0.54235032
46 2008 06 23 21 30 00.00   5778.447840  -2052.419315   2825.424719 -0.46351350  5.74013436  5.08922348
46 2008 06 23 22 00 00.00  -3027.132886   5413.368988   2656.013406 -5.62730940 -0.57976844 -5.20995430
46 2008 06 23 22 30 00.00  -3011.073860  -2941.265618  -5296.275184  5.62330766 -5.20681090 -0.31046966
46 2008 06 23 23 00 00.00   5777.810084  -2747.075788   2162.588269  0.47353625  5.35097058  5.49368948
46 2008 06 23 23 30 00.00  -2295.134716   5430.775865   3278.415431 -6.06000937  0.30186706 -4.72747855
46 2008 06 24 00 00 00.00  -3681.651541  -2262.774486  -5204.352721  5.08363012 -5.62644605 -1.15720383
46 2008 06 24 00 30 00.00   5660.438625  -3386.204024   1456.084809  1.40035024  4.85401411  5.78691066
46 2008 06 24 01 00 00.00  -1516.651300   5338.111940   3834.343262 -6.37002015  1.17770297 -4.14899393
46 2008 06 24 01 30 00.00  -4278.193191  -1538.829135  -5007.819813  4.44160391 -5.93307508 -1.98089805
46 2008 06 24 02 00 00.00   5428.797923  -3956.943586    720.215855  2.29822857  4.25946016  5.96313144
46 2008 06 24 02 30 00.00   -707.457213   5137.230894   4312.509117 -6.55095587  2.02990125 -3.48622324
46 2008 06 24 03 00 00.00  -4788.686167   -783.978534  -4710.606538  3.71003121 -6.12049187 -2.76503992
46 2008 06 24 03 30 00.00   5087.655122  -4447.835922    -30.148074  3.14911134  3.57944219  6.01897407
46 2008 06 24 04 00 00.00    116.042187   4832.191752   4703.206026 -6.59907727  2.84109247 -2.75263272
46 2008 06 24 04 30 00.00  -5202.837168    -13.397555  -4318.662688  2.90351144 -6.18485400 -3.49388348
46 2008 06 24 05 00 00.00   4643.975857  -4849.050677   -779.869540  3.93593830  2.82777574  5.95349197
46 2008 06 24 05 30 00.00    937.148255   4429.175929   4998.507995 -6.51337361  3.59474020 -1.96315243
46 2008 06 24 06 00 00.00  -5512.278789    757.414828  -3839.840832  2.03815916 -6.12476440 -4.15276054
46 2008 06 24 06 30 00.00   4106.776557  -5152.577356  -1513.849194  4.64298383  2.01967206  5.76817379
46 2008 06 24 07 00 00.00   1739.212256   3936.359922   5192.432554 -6.29558553  4.27548756 -1.13386462
46 2008 06 24 07 30 00.00  -5710.738251   1512.943779  -3283.741996  1.13129175 -5.94130655 -4.72837256
46 2008 06 24 08 00 00.00   3486.937274  -5352.379271  -2217.327394  5.25616108  1.17142808  5.46689944
46 2008 06 24 08 30 00.00   2505.976934   3363.746727   5281.062599 -5.95016850  4.86947817 -0.28166755
46 2008 06 24 09 00 00.00  -5794.165452   2237.967698  -2661.526919  0.20109210 -5.63803236 -5.20905820
46 2008 06 24 09 30 00.00   2796.979180  -5444.507652  -2876.177067  5.76329094  0.30009908  5.05585050
46 2008 06 24 10 00 00.00   3221.909353   2722.959730   5262.625253 -5.48419804  5.36464452  0.57607787
46 2008 06 24 10 30 00.00  -5760.817856   2917.862352  -1985.696369 -0.73374773 -5.22090258 -5.58503123
46 2008 06 24 11 00 00.00   2050.811592  -5427.174453  -3477.182377  6.15433146 -0.57683953  4.54337759
46 2008 06 24 11 30 00.00   3872.518410   2027.003345   5137.526382 -4.90721886  5.75095750  1.42191077
46 2008 06 24 12 00 00.00  -5611.300460   3538.894697  -1269.844166 -1.65439627 -4.69817982 -5.84858456
46 2008 06 24 12 30 00.00   1263.453252  -5300.782929  -4008.298450  6.42156490 -1.44183536  3.93982813
46 2008 06 24 13 00 00.00   4444.650164   1289.995616   4908.340073 -4.23104170  6.02063171  2.23863400
