46 2008 06 23 01 00 00.00  -3281.279168  -2682.320385  -5272.998137  5.42518767 -5.38381721 -0.64320019
46 2008 06 23 01 30 00.00   5745.756394  -3004.466197   1890.648514  0.83834481  5.16887855  5.62198158
46 2008 06 23 02 00 00.00  -1995.202556   5407.603910   3504.541207 -6.19633445  0.64626699 -4.51192631
46 2008 06 23 02 30 00.00  -3924.729062  -1984.030486  -5139.747643  4.84379971 -5.76030466 -1.48331308
46 2008 06 23 03 00 00.00   5583.157169  -3618.574831   1170.570900  1.75645630  4.63214791  5.87007727
46 2008 06 23 03 30 00.00  -1202.402980   5272.160556   4031.527802 -6.45654395  1.51535295 -3.89866325
46 2008 06 23 04 00 00.00  -4489.162055  -1245.868997  -4903.087889  4.16476933 -6.02096922 -2.29380524
46 2008 06 23 04 30 00.00   5307.788781  -4159.546488    426.897003  2.63840828  4.00228411  5.99945112
46 2008 06 23 05 00 00.00   -385.260511   5029.739123   4476.664110 -6.58577061  2.35387370 -3.20614096
46 2008 06 23 05 30 00.00  -4963.203243   -482.687067  -4567.764989  3.40165808 -6.16051920 -3.05840801
46 2008 06 23 06 00 00.00   4925.310009  -4616.527239   -325.341475  3.46647150  3.29213432  6.00767978
46 2008 06 23 06 30 00.00    439.642181   4685.256244   4830.914437 -6.58134363  3.14472512 -2.44845684
46 2008 06 23 07 00 00.00  -5337.287200    290.157801  -4140.505212  2.56971761 -6.17606827 -3.76174765
46 2008 06 23 07 30 00.00   4443.526727  -4980.375090  -1070.968386  4.22405605  2.51611851  5.89478233
46 2008 06 23 08 00 00.00   1255.565964   4245.707865   5087.096112 -6.44334086  3.87177847 -1.64105282
46 2008 06 23 08 30 00.00  -5603.848865   1057.106295  -3629.882427  1.68559505 -6.06719799 -4.38964862
46 2008 06 23 09 00 00.00   3872.227860  -5243.836329  -1794.967068  4.89603395  1.68993246  5.66320388
46 2008 06 23 09 30 00.00   2045.959309   3720.024591   5240.026165 -6.17458703  4.52021777 -0.80039217
46 2008 06 23 10 00 00.00  -5757.476549   1802.707821  -3046.148560  0.76700843 -5.83597352 -4.92941701
46 2008 06 23 10 30 00.00   3222.981836  -5401.683702  -2482.780245  5.46903054  0.83022873  5.31775241
46 2008 06 23 11 00 00.00   2794.797068   3118.886877   5286.625258 -5.78059347  5.07684855  0.05638465
46 2008 06 23 11 30 00.00  -5795.021664   2511.926859  -2401.032611 -0.16759752 -5.48691257 -5.37009548
46 2008 06 23 12 00 00.00   2508.902658  -5450.813192  -3120.595774  5.93167617 -0.04571420  4.86549180
46 2008 06 23 12 30 00.00   3486.906506   2454.506253   5225.979091 -5.26944081  5.53037043  0.91181652
46 2008 06 23 13 00 00.00  -5715.666503   3170.443258  -1707.510451 -1.09941309 -5.02690712 -5.70268813
46 2008 06 23 13 30 00.00   1744.385910  -5390.300639  -3695.619003  6.27481947 -0.92033312  4.31559298
46 2008 06 23 14 00 00.00   4108.277591   1740.373923   5059.355346 -4.65160709  5.87161050  1.74848659
46 2008 06 23 14 30 00.00  -5520.946185   3764.940216   -979.548577 -2.00963642 -4.46509917 -5.92035029
46 2008 06 23 15 00 00.00    944.823199  -5221.416032  -4196.322495  6.49169679 -1.77612188  3.67914839
46 2008 06 23 15 30 00.00   4646.347575    990.985020   4790.176415 -3.93974608  6.09370983  2.54938319
46 2008 06 23 16 00 00.00  -5214.725304   4283.374752   -231.827156 -2.87985071 -3.81271000 -6.01853822
46 2008 06 23 16 30 00.00    126.296325  -4947.596111  -4612.673170  6.57805748 -2.59597215  2.96895118
46 2008 06 23 17 00 00.00   5090.256722    221.541127   4423.947764 -3.14841984  6.19226143  3.29825278
46 2008 06 23 17 30 00.00  -4803.127932   4715.224787    520.553454 -3.69239868 -3.08282592 -5.99511494
46 2008 06 23 18 00 00.00   -694.741578  -4574.375211  -4936.330339  6.53224164 -3.36350537  2.19924315
46 2008 06 23 18 30 00.00   5431.069639   -552.362523   3968.142889 -2.29379013  6.16539514  3.97993623
46 2008 06 23 19 00 00.00  -4294.420125   5051.708510   1262.379077 -4.43074838 -2.29014153 -5.85040816
46 2008 06 23 19 30 00.00  -1501.793138  -4109.274344  -5160.810772  6.35520961 -4.06339122  1.38543552
46 2008 06 23 20 00 00.00   5661.955063  -1315.057111   3432.047136 -1.39327794  6.01380765  4.58067939
46 2008 06 23 20 30 00.00  -3698.848192   5285.968030   1978.630794 -5.07983823 -1.45066742 -5.58721749
46 2008 06 23 21 00 00.00  -2278.643480  -3561.652125  -5281.617202  6.05052205 -4.68164493  0.54380903
46 2008 06 23 21 30 00.00   5778.321797  -2051.120335   2826.565061 -0.46519894  5.74073765  5.08841129
46 2008 06 23 22 00 00.00  -3028.434727   5413.215388   2654.792928 -5.62639582 -0.58140615 -5.21076921
46 2008 06 23 22 30 00.00  -3009.683685  -2942.518712  -5296.328691  5.62427060 -5.20590077 -0.30880427
46 2008 06 23 23 00 00.00   5777.907927  -2745.692328   2163.993016  0.47161914  5.35188720  5.49298595
46 2008 06 23 23 30 00.00  -2296.734950   5430.835677   3277.153345 -6.05922226  0.29999767 -4.72861832
46 2008 06 24 00 00 00.00  -3680.222789  -2264.315776  -5204.649285  5.08495965 -5.62565499 -1.15535071
46 2008 06 24 00 30 00.00   5660.820169  -3384.778059   1457.763260  1.39822643  4.85529090  5.78638060
46 2008 06 24 01 00 00.00  -1518.559636   5338.443826   3833.087125 -6.36943325  1.17562332 -4.15049880
46 2008 06 24 01 30 00.00  -4276.780071  -1540.668871  -5008.413640  4.44334255 -5.93247256 -1.97888809
46 2008 06 24 02 00 00.00   5429.523927  -3955.527696    722.168149  2.29593673  4.26113888  5.96284618
46 2008 06 24 02 30 00.00   -709.672750   5137.894944   4311.316570 -6.55065066  2.02764635 -3.48812704
46 2008 06 24 03 00 00.00  -4787.353818   -786.117040  -4711.551590  3.71221429 -6.12015485 -2.76291693
46 2008 06 24 03 30 00.00   5088.785388  -4446.493459    -27.932683  3.14670492  3.58155715  6.01901019
46 2008 06 24 04 00 00.00    113.533125   4833.247481   4702.144798 -6.59914137  2.83871244 -2.75496025
46 2008 06 24 04 30 00.00  -5201.661768    -15.822985  -4320.010666  2.90616402 -6.18486560 -3.49170565
46 2008 06 24 05 00 00.00   4645.566449  -4847.856210   -777.415504  3.93348722  2.83035011  5.95392926
46 2008 06 24 05 30 00.00    934.375535   4430.679118   4997.655795 -6.51389839  3.59230249 -1.96591511
46 2008 06 24 06 00 00.00  -5511.347456    754.730158  -3841.637515  2.04129119 -6.12521151 -4.15060227
46 2008 06 24 06 30 00.00   4108.875415  -5151.615976  -1511.197785  4.64057587  2.02271328  5.76909198
46 2008 06 24 07 00 00.00   1736.225493   3938.357982   5191.875623 -6.29666164  4.27307825 -1.13705555
46 2008 06 24 07 30 00.00  -5710.146777   1510.046441  -3286.022402  1.13489312 -5.94227597 -4.72632497
46 2008 06 24 08 00 00.00   3489.579537  -5351.743743  -2214.537931  5.25390101  1.17492419  5.46837397
46 2008 06 24 08 30 00.00   2502.846152   3366.274403   5280.892132 -5.95188060  4.86720030 -0.28525861
46 2008 06 24 09 00 00.00  -5794.014461   2234.923757  -2664.311390  0.20512946 -5.63960574 -5.20722688
46 2008 06 24 09 30 00.00   2800.183002  -5444.294793  -2873.326958  5.76129795  0.30401600  5.05794759
46 2008 06 24 10 00 00.00   3218.724634   2726.035076   5262.933181 -5.48661929  5.36261539  0.57213814
46 2008 06 24 10 30 00.00  -5761.208340   2914.757265  -1988.986887 -0.72933346 -5.22315091 -5.58353300
46 2008 06 24 11 00 00.00   2054.573915  -5427.480776  -3474.366471  6.15273560 -0.57256040  4.54614901
46 2008 06 24 11 30 00.00   3869.388834   2030.623687   5138.400548 -4.91040487  5.74930502  1.41769864
46 2008 06 24 12 00 00.00  -5612.328280   3535.831965  -1273.621074 -1.64969112 -4.70115805 -5.84754325
46 2008 06 24 12 30 00.00   1267.746930  -5301.699484  -4005.626406  6.42050208 -1.43727754  3.94330647
46 2008 06 24 13 00 00.00   4441.700595   1294.135059   4909.859097 -4.23502537  6.01948916  2.23424982
