46 2008 06 23 01 00 00.00  -5151.070772    629.921878  -4353.254850 -1.03180212 -7.59698579  0.11930865
46 2008 06 23 01 30 00.00   1510.962319  -6265.768503   2057.461152  5.67336179  2.80257881  4.34587695
46 2008 06 23 02 00 00.00   3760.529063   5048.457578   2471.066186 -4.11288393  5.05748952 -4.06045967
46 2008 06 23 02 30 00.00  -4941.730922   1684.476524  -4314.980451 -1.94283584 -7.38807695 -0.66313389
46 2008 06 23 03 00 00.00    698.380167  -6578.359518   1423.612853  5.87342879  1.63953650  4.66109715
46 2008 06 23 03 30 00.00   4288.016376   4277.122182   3007.577625 -3.38284297  5.90336069 -3.56352135
46 2008 06 23 04 00 00.00  -4607.629831   2696.442639  -4167.761094 -2.80490863 -6.99258820 -1.42891523
46 2008 06 23 04 30 00.00   -131.844981  -6724.368971    753.750315  5.92471284  0.43555656  4.85816914
46 2008 06 23 05 00 00.00   4706.683180   3397.309965   3467.755130 -2.56682460  6.59959969 -2.97606664
46 2008 06 23 05 30 00.00  -4157.197563   3640.270111  -3915.309492 -3.59629617 -6.42043755 -2.15874439
46 2008 06 23 06 00 00.00   -958.696612  -6700.200055     64.842884  5.82606800 -0.77886093  4.93222799
46 2008 06 23 06 30 00.00   5005.901020   2431.333092   3839.919863 -1.68555877  7.12845746 -2.31301084
46 2008 06 23 07 00 00.00  -3601.794121   4492.119922  -3563.987804 -4.29703232 -5.68597628 -2.83421960
46 2008 06 23 07 30 00.00  -1761.266934  -6506.559898   -625.677955  5.58013666 -1.97301292  4.88152447
46 2008 06 23 08 00 00.00   5178.076161   1403.696564   4114.628334 -0.76145260  7.47645291 -1.59120790
46 2008 06 23 08 30 00.00  -2955.427152   5230.461170  -3122.650196 -4.88940702 -4.80764026 -3.43828587
46 2008 06 23 09 00 00.00  -2519.282783  -6148.433052  -1300.357995  5.19326889 -3.11676526  4.70745731
46 2008 06 23 09 30 00.00   5218.844256    340.474404   4284.913866  0.18198542  7.63472411 -0.82901810
46 2008 06 23 10 00 00.00  -2234.403913   5836.612628  -2602.423798 -5.35841167 -3.80750070 -3.95566195
46 2008 06 23 10 30 00.00  -3213.614146  -5634.948601  -1942.159004  4.67535067 -4.18130527  4.41452730
46 2008 06 23 11 00 00.00   5127.182557   -731.355088   4346.465009  1.12075118  7.59925960 -0.04583552
46 2008 06 23 11 30 00.00  -1456.925373   6295.215393  -2016.432872 -5.69212116 -2.71072394 -4.37322647
46 2008 06 23 12 00 00.00  -3826.752731  -4979.144789  -2534.885751  4.03954584 -5.13985710  4.01021531
46 2008 06 23 12 30 00.00   4905.436546  -1784.598165   4297.736115  2.03096471  7.37100269  0.73841253
46 2008 06 23 13 00 00.00   -642.631449   6594.624961  -1379.472116 -5.88200253 -1.54495100 -4.68035365
46 2008 06 23 13 30 00.00  -4343.249405  -4197.636826  -3063.591467  3.30195899 -5.96834354  3.50478775
46 2008 06 23 14 00 00.00   4559.259700  -2792.540644   4139.986762  2.88948706  6.95582559  1.50378033
46 2008 06 23 14 30 00.00    187.891698   6727.211887   -707.636721 -5.92314159 -0.33961096 -4.86918957
46 2008 06 23 15 00 00.00  -4750.099627  -3310.196409  -3514.951581  2.48122789 -6.64597872  2.91103486
46 2008 06 23 15 30 00.00   4097.467850  -3729.630935   3877.248801  3.67451733  6.36437341  2.23081900
46 2008 06 23 16 00 00.00   1013.630761   6689.562666    -17.917615 -5.81438027  0.87481656 -4.93486088
46 2008 06 23 16 30 00.00  -5037.067670  -2339.252863  -3877.596846  1.59805531 -7.15577854  2.24394791
46 2008 06 23 17 00 00.00   3531.811623  -4572.132856   3516.221570  4.36615346  5.61178255  2.90107792
46 2008 06 23 17 30 00.00   1813.677464   6482.574269    672.227862 -5.55835949  2.06757139 -4.87560941
46 2008 06 23 18 00 00.00  -5196.941517  -1309.328414  -4142.397409  0.67469171 -7.48497679  1.52034364
46 2008 06 23 18 30 00.00   2876.673108  -5298.730843   3066.098014  4.94690145  4.71728145  3.49757855
46 2008 06 23 19 00 00.00   2567.760488   6111.438819   1345.319266 -5.16146485  3.20839612 -4.69284772
46 2008 06 23 19 30 00.00  -5225.712058   -246.421375  -4302.690747 -0.26561888 -7.62533734  0.75844452
46 2008 06 23 20 00 00.00   2148.694813  -5891.071397   2538.326381  5.40211919  3.70368527  4.00524750
46 2008 06 23 20 30 00.00   3256.762862   5585.517668   1984.298498 -4.63367496  4.26831185 -4.39113290
46 2008 06 23 21 00 00.00  -5122.672101    822.647165  -4354.447714 -1.19921658 -7.57335498 -0.02257475
46 2008 06 23 21 30 00.00   1366.351038  -6334.226497   1946.314081  5.72038323  2.59679917  4.41129751
46 2008 06 23 22 00 00.00   3863.211328   4918.107222   2572.965910 -3.98831500  5.22036558 -3.97805801
46 2008 06 23 22 30 00.00  -4890.432555   1870.907148  -4296.372445 -2.10261305 -7.33034050 -0.80306378
46 2008 06 23 23 00 00.00    549.473458  -6617.066687   1305.081901  5.89376928  1.42474743  4.70554632
46 2008 06 23 23 30 00.00   4371.723742   4126.102472   3096.394662 -3.24172157  6.04032773 -3.46406355
46 2008 06 24 00 00 00.00  -4534.855719   2871.915984  -4129.933718 -2.95307418 -6.90238757 -1.56338410
46 2008 06 24 00 30 00.00   -281.255803  -6732.534766    630.878521  5.91804006  0.21724810  4.88066539
46 2008 06 24 01 00 00.00   4769.402869   3229.567153   3541.312529 -2.41282729  6.70732079 -2.86217330
46 2008 06 24 01 30 00.00  -4064.907620   3800.421056  -3859.327345 -3.72918415 -6.30022331 -2.28439628
46 2008 06 24 02 00 00.00  -1104.829905  -6677.814203    -59.234042  5.79273724 -0.99514682  4.93235366
46 2008 06 24 02 30 00.00   5046.166149   2251.222094   3896.440983 -1.52267614  7.20436123 -2.18766188
46 2008 06 24 03 00 00.00  -3492.433295   4632.992373  -3491.370821 -4.41137806 -5.53894552 -2.94793538
46 2008 06 24 03 30 00.00  -1900.448584  -6454.389277   -747.813385  5.52117707 -2.18182576  4.85943304
46 2008 06 24 04 00 00.00   5195.002772   1215.865411   4152.782686 -0.59388286  7.51880011 -1.45766273
46 2008 06 24 04 30 00.00  -2831.860921   5348.609391  -3035.333122 -4.98243001 -4.63765350 -3.53726296
46 2008 06 24 05 00 00.00  -2648.041017  -6067.997013  -1417.476495  5.11035150 -3.31288631  4.66386493
46 2008 06 24 05 30 00.00   5212.151808    149.740004   4303.850246  0.34994916  7.64265029 -0.69072741
46 2008 06 24 06 00 00.00  -2099.841958   5929.188612  -2502.703927 -5.42788571 -3.61898022 -4.03748582
46 2008 06 24 06 30 00.00  -3328.768054  -5528.473422  -2051.335879  4.57073910 -4.35988012  4.35068889
46 2008 06 24 07 00 00.00   5097.197011   -920.135385   4345.830568  1.28483576  7.57279191  0.09365222
46 2008 06 24 07 30 00.00  -1314.836037   6360.039059  -1906.907867 -5.73642907 -2.50853690 -4.43593113
46 2008 06 24 08 00 00.00  -3925.491534  -4849.499125  -2633.421324  3.91603179 -5.29651622  3.92788629
46 2008 06 24 08 30 00.00   4853.076202  -1966.654629   4277.680963  2.18702979  7.31105063  0.87554608
46 2008 06 24 09 00 00.00   -496.649862   6630.235007  -1262.970050 -5.90017393 -1.33428110 -4.72246951
46 2008 06 24 09 30 00.00  -4423.200017  -4048.250966  -3149.077520  3.16278526 -6.09930734  3.40617348
46 2008 06 24 10 00 00.00   4486.005141  -2963.312906   4101.154436  3.03363110  6.86414785  1.63509806
46 2008 06 24 10 30 00.00    334.057273   6732.896629   -587.142043 -5.91487256 -0.12582445 -4.88977665
46 2008 06 24 11 00 00.00  -4809.382012  -3144.968317  -3585.329279  2.33000090 -6.74814523  2.79872883
46 2008 06 24 11 30 00.00   4005.317239  -3884.883585   3820.753660  3.80317651  6.24352173  2.35303819
46 2008 06 24 12 00 00.00   1156.294148   6665.370689    103.506512 -5.78003608  1.08630882 -4.93352851
46 2008 06 24 12 30 00.00  -5074.335750  -2162.444548  -3931.203690  1.43865089 -7.22679161  2.12086222
46 2008 06 24 13 00 00.00   3423.223708  -4708.058717   3443.614508  4.47618854  5.46502617  3.01117632
