46 2008 06 23 01 00 00.00  -5151.070772    629.921878  -4353.254850 -1.03180212 -7.59698579  0.11930865
46 2008 06 23 01 30 00.00   1510.962336  -6265.768877   2057.461157  5.67336189  2.80257823  4.34587712
46 2008 06 23 02 00 00.00   3760.531491   5048.456885   2471.068463 -4.11288114  5.05749194 -4.06045747
46 2008 06 23 02 30 00.00  -4941.730341   1684.486786  -4314.981225 -1.94284378 -7.38807261 -0.66314143
46 2008 06 23 03 00 00.00    698.366107  -6578.366746   1423.601642  5.87342958  1.63951485  4.66110066
46 2008 06 23 03 30 00.00   4288.031522   4277.101937   3007.593227 -3.38282080  5.90338070 -3.56350486
46 2008 06 23 04 00 00.00  -4607.617774   2696.483615  -4167.755919 -2.80494058 -6.99256614 -1.42894542
46 2008 06 23 04 30 00.00   -131.890789  -6724.378240    753.712429  5.92470884  0.43548881  4.85817436
46 2008 06 23 05 00 00.00   4706.712817   3397.246280   3467.788379 -2.56676286  6.59964154 -2.97601939
46 2008 06 23 05 30 00.00  -4157.157237   3640.354535  -3915.285728 -3.59636127 -6.42037523 -2.15880755
46 2008 06 23 06 00 00.00   -958.788189  -6700.196028     64.764735  5.82604528 -0.77899544  4.93222560
46 2008 06 23 06 30 00.00   5005.938236   2431.201659   3839.967761 -1.68543760  7.12851293 -2.31291518
46 2008 06 23 07 00 00.00  -3601.705549   4492.250453  -3563.928977 -4.29713096 -5.68584570 -2.83431926
46 2008 06 23 07 30 00.00  -1761.412284  -6506.518913   -625.805798  5.58007472 -1.97322695  4.88149872
46 2008 06 23 08 00 00.00   5178.106111   1403.476467   4114.680802 -0.76125569  7.47650202 -1.59104785
46 2008 06 23 08 30 00.00  -2955.270003   5230.629539  -3122.538330 -4.88953026 -4.80741191 -3.43841789
46 2008 06 23 09 00 00.00  -2519.482485  -6148.326018  -1300.539300  5.19314319 -3.11706131  4.70738789
46 2008 06 23 09 30 00.00   5218.845692    340.151049   4284.954757  0.18226846  7.63473717 -0.82878161
46 2008 06 23 10 00 00.00  -2234.159998   5836.800041  -2602.241591 -5.35854171 -3.80714728 -3.95581453
46 2008 06 23 10 30 00.00  -3213.860809  -5634.744053  -1942.391118  4.67513508 -4.18167455  4.41439144
46 2008 06 23 11 00 00.00   5127.129705   -731.788090   4346.473544  1.12112330  7.59919976 -0.04551597
46 2008 06 23 11 30 00.00  -1456.580552   6295.393813  -2016.165433 -5.69223247 -2.71022324 -4.37338088
46 2008 06 23 12 00 00.00  -3827.031148  -4978.811602  -2535.159514  4.03921503 -5.14027950  4.00998968
46 2008 06 23 12 30 00.00   4905.300955  -1785.137989   4297.688369  2.03142061  7.37082856  0.73881539
46 2008 06 23 13 00 00.00   -642.176983   6594.758719  -1379.108213 -5.88206330 -1.54428804 -4.68048525
46 2008 06 23 13 30 00.00  -4343.537085  -4197.146445  -3063.891499  3.30149031 -5.96878820  3.50445017
46 2008 06 23 14 00 00.00   4559.011895  -2793.174872   4139.857001  2.89001288  6.95549361  1.50425998
46 2008 06 23 14 30 00.00    188.458276   6727.259294   -707.169581 -5.92311511 -0.33877935 -4.86926883
46 2008 06 23 15 00 00.00  -4750.367473  -3309.524516  -3515.256727  2.48060293 -6.64640496  2.91056549
46 2008 06 23 15 30 00.00   4097.078713  -3730.337413   3877.010557  3.67509051  6.36383985  2.23136195
46 2008 06 23 16 00 00.00   1014.304939   6689.477364    -17.345556 -5.81422619  0.87581345 -4.93485427
46 2008 06 23 16 30 00.00  -5037.280573  -2338.380787  -3877.880517  1.59726119 -7.15613666  2.24333039
46 2008 06 23 17 00 00.00   3531.253674  -4572.879497   3515.848545  4.36674266  5.61100538  2.90166346
46 2008 06 23 17 30 00.00   1814.447012   6482.306408    672.900782 -5.55803499  2.06871927 -4.87548014
46 2008 06 23 18 00 00.00  -5197.058847  -1308.244592  -4142.627756  0.67372245 -7.48520872  1.51956607
46 2008 06 23 18 30 00.00   2875.921886  -5299.475208   3065.565046  4.94746633  4.71622234  3.49817829
46 2008 06 23 19 00 00.00   2568.604474   6110.936321   1346.082310 -5.16092599  3.20966823 -4.69255652
46 2008 06 23 19 30 00.00  -5225.688209   -245.123199  -4302.830782 -0.26676077 -7.62537727  0.75750083
46 2008 06 23 20 00 00.00   2147.730587  -5891.760205   2537.610682  5.40261024  3.70231208  4.00582488
46 2008 06 23 20 30 00.00   3257.650505   5584.727950   1985.133066 -4.63287844  4.26966716 -4.39063912
46 2008 06 23 21 00 00.00  -5122.457341    824.150983  -4354.455585 -1.20051807 -7.57313041 -0.02368307
46 2008 06 23 21 30 00.00   1365.161056  -6334.795270   1945.396986  5.72074192  2.59508914  4.41180742
46 2008 06 23 22 00 00.00   3864.100752   4916.979851   2573.844085 -3.98722078  5.22174677 -3.97732145
46 2008 06 23 22 30 00.00  -4889.974578   1872.593553  -4296.202206 -2.10404824 -7.32977413 -0.80432538
46 2008 06 23 23 00 00.00    548.054821  -6617.440087   1303.951297  5.89392886  1.42269137  4.70593502
46 2008 06 23 23 30 00.00   4372.561179   4124.592999   3097.277939 -3.24029637  6.04165975 -3.46304708
46 2008 06 24 00 00 00.00  -4534.102173   2873.744517  -4129.536956 -2.95460195 -6.90140068 -1.56477529
46 2008 06 24 00 30 00.00   -282.892952  -6732.628202    629.531765  5.91792747  0.21485503  4.88087145
46 2008 06 24 01 00 00.00   4770.122750   3227.642028   3542.151132 -2.41104886  6.70851053 -2.86084646
46 2008 06 24 01 30 00.00  -4063.809683   3802.331403  -3858.655824 -3.73074650 -6.29874058 -2.28587892
46 2008 06 24 02 00 00.00  -1106.659439  -6677.537074    -60.787148  5.79227633 -0.99784526  4.93230995
46 2008 06 24 02 30 00.00   5046.692488   2248.864173   3897.174226 -1.52053786  7.20529911 -2.18600495
46 2008 06 24 03 00 00.00  -3490.950091   4634.903146  -3490.380053 -4.41289952 -5.53690131 -2.94945543
46 2008 06 24 03 30 00.00  -1902.426157  -6453.649857   -749.547999  5.52029300 -2.18477178  4.85906999
46 2008 06 24 04 00 00.00   5195.252021   1213.079314   4153.340629 -0.59139807  7.51936378 -1.45567090
46 2008 06 24 04 30 00.00  -2829.964310   5350.418777  -3033.986533 -4.98381873 -4.63499880 -3.53875049
46 2008 06 24 05 00 00.00  -2650.103059  -6066.708635  -1419.351006  5.10897610 -3.31599407  4.66311479
46 2008 06 24 05 30 00.00   5212.037063    146.556585   4304.156657  0.35274381  7.64271045 -0.68841446
46 2008 06 24 06 00 00.00  -2097.521174   5930.777079  -2500.977168 -5.42903617 -3.61568969 -4.03885634
46 2008 06 24 06 30 00.00  -3330.832267  -5526.561378  -2053.291415  4.56881656 -4.36303588  4.34949063
46 2008 06 24 07 00 00.00   5096.633227   -923.656188   4345.806979  1.28787843  7.57221977  0.09625134
46 2008 06 24 07 30 00.00  -1312.101539   6361.274115  -1904.792707 -5.73722650 -2.50461486 -4.43708858
46 2008 06 24 08 00 00.00  -3927.459067  -4846.907440  -2635.382698  3.91352419 -5.29958081  3.92619061
46 2008 06 24 08 30 00.00   4851.985859  -1970.422778   4277.251352  2.19023326  7.30972633  0.87837401
46 2008 06 24 09 00 00.00   -493.536201   6630.977565  -1260.477597 -5.90049985 -1.32976617 -4.72331034
46 2008 06 24 09 30 00.00  -4424.959278  -4044.948311  -3150.955770  3.15967701 -6.10212088  3.40394710
46 2008 06 24 10 00 00.00   4484.323577  -2967.210872   4100.250088  3.03688541  6.86196808  1.63807632
46 2008 06 24 10 30 00.00    337.491311   6733.008086   -584.303810 -5.91461136 -0.12079097 -4.89019527
46 2008 06 24 11 00 00.00  -4810.812744  -3140.952704  -3587.024545  2.32630258 -6.75053308  2.79595861
46 2008 06 24 11 30 00.00   4002.997593  -3888.768566   3819.317673  3.80635141  6.24040727  2.35606833
46 2008 06 24 12 00 00.00   1159.965366   6664.720180    106.637672 -5.77908108  1.09175010 -4.93342235
46 2008 06 24 12 30 00.00  -5075.314306  -2157.746499  -3932.609326  1.43440150 -7.22857153  2.11755785
46 2008 06 24 13 00 00.00   3420.240896  -4711.767403   3441.605671  4.47913789  5.46092802  3.01414296
