46 2008 06 23 01 00 00.00  -5151.070772    629.921878  -4353.254850 -1.03180212 -7.59698579  0.11930865
46 2008 06 23 01 30 00.00   1510.962327  -6265.768662   2057.461156  5.67336184  2.80257856  4.34587703
46 2008 06 23 02 00 00.00   3760.530129   5048.457264   2471.067175 -4.11288271  5.05749054 -4.06045872
46 2008 06 23 02 30 00.00  -4941.730568   1684.480755  -4314.980685 -1.94283907 -7.38807526 -0.66313692
46 2008 06 23 03 00 00.00    698.374929  -6578.362018   1423.608681  5.87342920  1.63952851  4.66109855
46 2008 06 23 03 30 00.00   4288.021828   4277.114947   3007.583216 -3.38283493  5.90336784 -3.56351541
46 2008 06 23 04 00 00.00  -4607.625374   2696.457392  -4167.759176 -2.80492007 -6.99258034 -1.42892599
46 2008 06 23 04 30 00.00   -131.860817  -6724.371869    753.737247  5.92471164  0.43553320  4.85817113
46 2008 06 23 05 00 00.00   4706.693073   3397.288561   3467.766236 -2.56680378  6.59961375 -2.97605081
46 2008 06 23 05 30 00.00  -4157.183956   3640.298146  -3915.301521 -3.59631783 -6.42041693 -2.15876532
46 2008 06 23 06 00 00.00   -958.726244  -6700.198324     64.817668  5.82606087 -0.77890442  4.93222749
46 2008 06 23 06 30 00.00   5005.912586   2431.291598   3839.934830 -1.68552046  7.12847501 -2.31298079
46 2008 06 23 07 00 00.00  -3601.766301   4492.160313  -3563.969439 -4.29706306 -5.68593588 -2.83425055
46 2008 06 23 07 30 00.00  -1761.311035  -6506.546975   -625.716637  5.58011802 -1.97307797  4.88151698
46 2008 06 23 08 00 00.00   5178.084808   1403.630987   4114.643807 -0.76139384  7.47646762 -1.59116041
46 2008 06 23 08 30 00.00  -2955.380674   5230.510206  -3122.617321 -4.88944330 -4.80757355 -3.43832466
46 2008 06 23 09 00 00.00  -2519.339961  -6148.401773  -1300.409816  5.19323294 -3.11685033  4.70743784
46 2008 06 23 09 30 00.00   5218.844228    340.383371   4284.925205  0.18206529  7.63472796 -0.82895170
46 2008 06 23 10 00 00.00  -2234.335863   5836.664067  -2602.373237 -5.35844790 -3.80740301 -3.95570444
46 2008 06 23 10 30 00.00  -3213.680830  -5634.892451  -1942.221768  4.67529222 -4.18140577  4.41449092
46 2008 06 23 11 00 00.00   5127.167907   -731.470523   4346.467136  1.12085066  7.59924384 -0.04575037
46 2008 06 23 11 30 00.00  -1456.834238   6295.261724  -2016.362474 -5.69215058 -2.71059245 -4.37326744
46 2008 06 23 12 00 00.00  -3826.824144  -4979.058147  -2534.956198  4.03946043 -5.13996653  4.01015760
46 2008 06 23 12 30 00.00   4905.401455  -1784.735215   4297.723888  2.03108080  7.37095863  0.73851498
46 2008 06 23 13 00 00.00   -642.516955   6594.657902  -1379.380629 -5.88201787 -1.54478464 -4.68038719
46 2008 06 23 13 30 00.00  -4343.319809  -4197.515102  -3063.665372  3.30184317 -5.96845388  3.50470485
46 2008 06 23 14 00 00.00   4559.198692  -2792.694830   4139.955073  2.88961528  6.95574496  1.50389734
46 2008 06 23 14 30 00.00    188.028431   6727.222645   -707.524046 -5.92313522 -0.33941062 -4.86920921
46 2008 06 23 15 00 00.00  -4750.162502  -3310.036215  -3515.023933  2.48107928 -6.64608056  2.91092367
46 2008 06 23 15 30 00.00   4097.375867  -3729.796319   3877.192772  3.67465195  6.36424847  2.23094675
46 2008 06 23 16 00 00.00   1013.787362   6689.542112    -17.784606 -5.81434447  0.87504810 -4.93485994
46 2008 06 23 16 30 00.00  -5037.115505  -2339.052550  -3877.661637  1.59787324 -7.15586128  2.24380662
46 2008 06 23 17 00 00.00   3531.684716  -4572.301351   3516.136951  4.36628694  5.61160685  2.90121097
46 2008 06 23 17 30 00.00   1813.849850   6482.513455    672.378896 -5.55828672  2.06782885 -4.87558101
46 2008 06 23 18 00 00.00  -5196.966492  -1309.087921  -4142.448197  0.67447685 -7.48502888  1.52017140
46 2008 06 23 18 30 00.00   2876.507993  -5298.893318   3065.980997  4.94702532  4.71704958  3.49771056
46 2008 06 23 19 00 00.00   2567.943404   6111.328943   1345.485082 -5.16134788  3.20867253 -4.69278504
46 2008 06 23 19 30 00.00  -5225.705901   -246.142276  -4302.720538 -0.26586432 -7.62534659  0.75824166
46 2008 06 23 20 00 00.00   2148.489312  -5891.217237   2538.173866  5.40222376  3.70339327  4.00537098
46 2008 06 23 20 30 00.00   3256.949674   5585.350279   1984.474711 -4.63350695  4.26859807 -4.39102916
46 2008 06 23 21 00 00.00  -5122.626122    822.961254  -4354.448898 -1.19948850 -7.57330888 -0.02280647
46 2008 06 23 21 30 00.00   1366.104813  -6334.343275   1946.124200  5.72045754  2.59644563  4.41140364
46 2008 06 23 22 00 00.00   3863.393295   4917.875153   2573.146213 -3.98809050  5.22064935 -3.97790720
46 2008 06 23 22 30 00.00  -4890.338349   1871.249978  -4296.337310 -2.10290511 -7.33022608 -0.80332075
46 2008 06 23 23 00 00.00    549.187443  -6617.141152   1304.853748  5.89380160  1.42433284  4.70562535
46 2008 06 23 23 30 00.00   4371.890920   4125.799464   3096.571665 -3.24143609  6.04059495 -3.46386013
46 2008 06 24 00 00 00.00  -4534.704946   2872.279323  -4129.854320 -2.95337821 -6.90219199 -1.56366125
46 2008 06 24 00 30 00.00   -281.578902  -6732.552471    630.612458  5.91801797  0.21677548  4.88070668
46 2008 06 24 01 00 00.00   4769.543642   3229.188553   3541.477234 -2.41247805  6.70755484 -2.86191283
46 2008 06 24 01 30 00.00  -4064.692557   3800.793462  -3859.195806 -3.72948934 -6.29993452 -2.28468623
46 2008 06 24 02 00 00.00  -1105.184623  -6677.759847    -59.535484  5.79264789 -0.99567059  4.93234569
46 2008 06 24 02 30 00.00   5046.267303   2250.765980   3896.582696 -1.52226294  7.20454284 -2.18734169
46 2008 06 24 03 00 00.00  -3492.147502   4633.359111  -3491.179885 -4.41167085 -5.53855313 -2.94822821
46 2008 06 24 03 30 00.00  -1900.826266  -6454.247350   -748.145026  5.52100818 -2.18238923  4.85936412
46 2008 06 24 04 00 00.00   5195.049689   1215.334393   4152.888928 -0.59340957  7.51890782 -1.45728328
46 2008 06 24 04 30 00.00  -2831.500770   5348.951757  -3035.077365 -4.98269369 -4.63715069 -3.53754568
46 2008 06 24 05 00 00.00  -2648.429488  -6067.753472  -1417.830009  5.11009222 -3.31347283  4.66372392
46 2008 06 24 05 30 00.00   5212.129663    149.141411   4303.907758  0.35047447  7.64266196 -0.69029257
46 2008 06 24 06 00 00.00  -2099.407132   5929.485115  -2502.380356 -5.42810148 -3.61836481 -4.03774307
46 2008 06 24 06 30 00.00  -3329.151918  -5528.116846  -2051.699934  4.57038122 -4.36046828  4.35046622
46 2008 06 24 07 00 00.00   5097.091795   -920.789025   4345.826088  1.28540058  7.57268607  0.09413479
46 2008 06 24 07 30 00.00  -1314.330109   6360.266535  -1906.516456 -5.73657702 -2.50781210 -4.43614593
46 2008 06 24 08 00 00.00  -3925.852952  -4849.021794  -2633.782053  3.91557050 -5.29708071  3.92757472
46 2008 06 24 08 30 00.00   4852.875652  -1967.345757   4277.602032  2.18761745  7.31080816  0.87606496
46 2008 06 24 09 00 00.00   -496.080587   6630.369926  -1262.514251 -5.90023400 -1.33345604 -4.72262399
46 2008 06 24 09 30 00.00  -4423.519701  -4047.649372  -3149.419313  3.16221949 -6.09982015  3.40576853
46 2008 06 24 10 00 00.00   4485.699382  -2964.020231   4100.990103  3.03422190  6.86375276  1.63563887
46 2008 06 24 10 30 00.00    334.678450   6732.916056   -586.628499 -5.91482580 -0.12491392 -4.88985315
46 2008 06 24 11 00 00.00  -4809.639454  -3144.244082  -3585.634836  2.32933415 -6.74857634  2.79822960
46 2008 06 24 11 30 00.00   4004.899638  -3885.581836   3820.495214  3.80374759  6.24296240  2.35358336
46 2008 06 24 12 00 00.00   1156.951822   6665.253450    104.067631 -5.77986547  1.08728408 -4.93351027
46 2008 06 24 12 30 00.00  -5074.510244  -2161.604842  -3931.454883  1.43789148 -7.22711021  2.12027177
46 2008 06 24 13 00 00.00   3422.691398  -4708.719662   3443.256035  4.47671474  5.46429618  3.01170573
