46 2008 06 23 01 00 00.00   5477.371900   -171.056273  -3965.779649  3.07352955  5.78732474  3.99722659
46 2008 06 23 01 30 00.00    -79.707109   4617.973110   4939.332832 -6.93569645 -2.46164742  2.18897105
46 2008 06 23 02 00 00.00  -5403.323009  -4033.560976   -532.451415  3.23670522 -3.54774572 -5.98887809
46 2008 06 23 02 30 00.00   4996.977680   -951.476547  -4459.250207  3.99075064  5.68902985  3.25946496
46 2008 06 23 03 00 00.00    858.927528   4896.053998   4584.853292 -6.86739761 -1.62772141  3.02378999
46 2008 06 23 03 30 00.00  -5776.919521  -3506.146692    283.530582  2.25732675 -4.20821675 -6.01068466
46 2008 06 23 04 00 00.00   4398.292157  -1709.337933  -4847.121520  4.81340345  5.45605228  2.44460046
46 2008 06 23 04 30 00.00   1777.166284   5058.091878   4121.732335 -6.63635838 -0.75528741  3.78688374
46 2008 06 23 05 00 00.00  -6013.668524  -2895.710395   1092.760303  1.22443463 -4.76903979 -5.89011878
46 2008 06 23 05 30 00.00   3695.512562  -2426.698989  -5120.227685  5.52203945  5.09393527  1.57193536
46 2008 06 23 06 00 00.00   2653.249842   5100.266986   3560.965948 -6.24809304  0.13495929  4.46017376
46 2008 06 23 06 30 00.00  -6107.968405  -2216.717663   1876.066974  0.16249787 -5.21692370 -5.63003122
46 2008 06 23 07 00 00.00   2905.295628  -3086.583646  -5272.123633  6.09991538  4.61127409  0.66213059
46 2008 06 23 07 30 00.00   3466.427391   5021.604264   2915.862062 -5.71184584  1.02191043  5.02772235
46 2008 06 23 08 00 00.00  -6057.594701  -1485.257173   2614.896960 -0.90332488 -5.54125407 -5.23658054
46 2008 06 23 08 30 00.00   2046.361011  -3673.382665  -5299.235644  6.53338655  4.01951016 -0.26328394
46 2008 06 23 09 00 00.00   4197.449090   4823.994001   2201.721923 -5.04036660  1.88454792  5.47610981
46 2008 06 23 09 30 00.00  -5863.751461   -718.658059   3291.754008 -1.94778285 -5.73434537 -4.71908669
46 2008 06 23 10 00 00.00   1139.046571  -4173.221726  -5200.943229  6.81222587  3.33265824 -1.18241841
46 2008 06 23 10 30 00.00   4829.020988   4512.143937   1435.474984 -4.24960349  2.70244301  5.79474999
46 2008 06 23 11 00 00.00  -5531.041110     64.921200   3890.613198 -2.94613191 -5.79162289 -4.08980963
46 2008 06 23 11 30 00.00    204.827001  -4574.287552  -4979.591291  6.92986176  2.56697415 -2.07353898
46 2008 06 23 12 00 00.00   5346.212685   4093.464765    635.276042 -3.35832044  3.45624010  5.97613748
46 2008 06 23 12 30 00.00  -5067.353890    846.923437   4397.299922 -3.87472156 -5.71173108 -3.36365810
46 2008 06 23 13 00 00.00   -734.193778  -4867.105177  -4640.432482  6.88353029  1.74057039 -2.91557934
46 2008 06 23 13 30 00.00   5736.807958   3577.891886   -179.925561 -2.38764902  4.12811365  6.01602114
46 2008 06 23 14 00 00.00  -4483.679736   1608.832156   4799.824455 -4.71155535 -5.49656515 -2.55783585
46 2008 06 23 14 30 00.00  -1655.803834  -5044.759781  -4191.501594  6.67433817  0.87298926 -3.68863564
46 2008 06 23 15 00 00.00   5991.590673   2977.648158   -990.834340 -1.36058589  4.70218760  5.91350022
46 2008 06 23 15 30 00.00  -3793.847272   2332.609487   5088.664654 -5.43681203 -5.15122591 -1.69143380
46 2008 06 23 16 00 00.00  -2538.206209  -5103.058416  -3643.425215  6.30723579 -0.01525681 -4.37443382
46 2008 06 23 16 30 00.00   6104.559700   2306.953551  -1778.264146 -0.30144787  5.16490767  5.67104159
46 2008 06 23 17 00 00.00  -3014.196297   3001.122469   5256.990421 -6.03331505 -4.68389878 -0.78497770
46 2008 06 23 17 30 00.00  -3360.531843  -5040.628177  -3009.171208  5.79090109 -0.90316719 -4.95675900
46 2008 06 23 18 00 00.00   6073.068343   1581.688668  -2523.590225  0.76470245  5.50535853  5.29441824
46 2008 06 23 18 30 00.00  -2163.191546   3598.547834   5300.824904 -6.48693962 -4.10566001  0.14005787
46 2008 06 23 19 00 00.00  -4103.330976  -4858.948784  -2303.743747  5.13753691 -1.76974666 -5.42183734
46 2008 06 23 19 30 00.00   5897.885469    819.019808  -3209.187873  1.81264765  5.71551886  4.79257088
46 2008 06 23 20 00 00.00  -1260.986347   4110.746251   5219.138858 -6.78694809 -3.43021466  1.06175828
46 2008 06 23 20 30 00.00  -4749.032107  -4562.318675  -1543.830504  4.36258582 -2.59449960 -5.75866180
46 2008 06 23 21 00 00.00   5583.176808     36.993892  -3818.847897  2.81760978  5.79044881  4.17739565
46 2008 06 23 21 30 00.00   -328.946004   4525.597328   5013.875744 -6.92624549 -2.67357200  1.95828856
46 2008 06 23 22 00 00.00  -5282.357782  -4157.755036   -747.409711  3.48436852 -3.35791371 -5.95925387
46 2008 06 23 22 30 00.00   5136.406519   -745.887662  -4338.159309  3.75583460  5.72840528  3.46346260
46 2008 06 23 23 00 00.00    610.858380   4833.287408   4689.906519 -6.90154898 -1.85366569  2.80841225
46 2008 06 23 23 30 00.00  -5690.687284  -3654.829483     66.674159  2.52365342 -4.04192182 -6.01885485
46 2008 06 24 00 00 00.00   4568.160802  -1511.106175  -4754.850037  4.60515183  5.53088219  2.66767116
46 2008 06 24 00 30 00.00   1536.173575   5026.542909   4254.914742 -6.71346637 -0.98992756  3.59199648
46 2008 06 24 01 00 00.00  -5964.357084  -3065.442971    879.156091  1.50316730 -4.63033078 -5.93604140
46 2008 06 24 01 30 00.00   3891.897439  -2240.563853  -5059.077393  5.34549845  5.20257431  1.80885046
46 2008 06 24 02 00 00.00   2425.093094   5100.803375   3719.214224 -6.36648143 -0.10282491  4.29049135
46 2008 06 24 02 30 00.00  -6096.891476  -2403.544750   1670.807242  0.44705795 -5.10920688 -5.71276212
46 2008 06 24 03 00 00.00   3123.626934  -2917.012136  -5243.660975  5.95939201  4.75126552  0.90731393
46 2008 06 24 03 30 00.00   3256.577821   5054.329600   3095.503650 -5.86884591  0.78662702  4.88737119
46 2008 06 24 04 00 00.00  -6085.157451  -1684.802042   2422.891476 -0.61967807 -5.46720814 -5.35429359
46 2008 06 24 04 30 00.00   2281.532703  -3524.460205  -5304.252356  6.43234302  4.18764378 -0.01562136
46 2008 06 24 05 00 00.00   4010.956259   4888.244128   2398.563665 -5.23238087  1.65736597  5.36852715
46 2008 06 24 05 30 00.00  -5929.439583   -926.227917   3117.610848 -1.67178941 -5.69585521 -4.86911640
46 2008 06 24 06 00 00.00   1385.539142  -4048.553522  -5239.437049  6.75319614  3.52504706 -0.93813941
46 2008 06 24 06 30 00.00   4670.391341   4606.502799   1644.904095 -4.47219215  2.48878407  5.72260102
46 2008 06 24 07 00 00.00  -5633.432781   -145.776974   3738.528361 -2.68437011 -5.78973351 -4.26871416
46 2008 06 24 07 30 00.00    456.838743  -4476.912857  -5050.766268  6.91439153  2.77914661 -1.83844106
46 2008 06 24 08 00 00.00   5219.302563   4215.798322    852.370107 -3.60630750  3.26121731  5.94125218
46 2008 06 24 08 30 00.00  -5204.153219    638.081236   4270.957637 -3.63345146 -5.74662208 -3.56730064
46 2008 06 24 09 00 00.00   -482.609582  -4799.425524  -4742.718168  6.91214076  1.96757595 -2.69525808
46 2008 06 24 09 30 00.00   5644.732935   3725.398861     39.717788 -2.65524494  3.95641083  6.01935136
46 2008 06 24 10 00 00.00  -4651.770333   1406.800898   4702.310747 -4.49657133 -5.56754536 -2.78148095
46 2008 06 24 10 30 00.00  -1410.601150  -5008.482941  -4322.589189  6.74651347  1.10951297 -3.48835495
46 2008 06 24 11 00 00.00   5936.652242   3146.925368   -773.830951 -1.64152343  4.55794952  5.95509784
46 2008 06 24 11 30 00.00  -3989.364469   2142.198164   5022.394172 -5.25330547 -5.25674844 -1.92985818
46 2008 06 24 12 00 00.00  -2305.207121  -5099.157676  -3800.320755  6.42143326  0.22522915 -4.19900285
46 2008 06 24 12 30 00.00   6088.191125   2494.074821  -1569.042839 -0.58912781  5.05164298  5.75005676
46 2008 06 24 13 00 00.00  -3232.615688   2826.881912   5223.649207 -5.88575189 -4.82159538 -1.03259110
