46 2008 06 23 01 00 00.00   5477.371900   -171.056273  -3965.779649  3.07352955  5.78732474  3.99722659
46 2008 06 23 01 30 00.00    -79.707086   4617.973418   4939.332862 -6.93569651 -2.46164707  2.18897110
46 2008 06 23 02 00 00.00  -5403.324383  -4033.560871   -532.450692  3.23670340 -3.54774707 -5.98887775
46 2008 06 23 02 30 00.00   4996.975997   -951.482022  -4459.253992  3.99075548  5.68902770  3.25945957
46 2008 06 23 03 00 00.00    858.938706   4896.058064   4584.849520 -6.86739544 -1.62771060  3.02379867
46 2008 06 23 03 30 00.00  -5776.927347  -3506.137789    283.544330  2.25730823 -4.20822761 -6.01068242
46 2008 06 23 04 00 00.00   4398.276826  -1709.360593  -4847.133454  4.81342372  5.45604141  2.44457577
46 2008 06 23 04 30 00.00   1777.203607   5058.098793   4121.713786 -6.63634490 -0.75525091  3.78691102
46 2008 06 23 05 00 00.00  -6013.681474  -2895.678721   1092.800962  1.22437983 -4.76906514 -5.89010677
46 2008 06 23 05 30 00.00   3695.465434  -2426.749431  -5120.246764  5.52208097  5.09390256  1.57187356
46 2008 06 23 06 00 00.00   2653.326618   5100.269578   3560.916031 -6.24805088  0.13503803  4.46022540
46 2008 06 23 06 30 00.00  -6107.977253  -2216.645418   1876.147193  0.16238563 -5.21696253 -5.62999402
46 2008 06 23 07 00 00.00   2905.193868  -3086.668927  -5272.141842  6.09997641  4.61120013  0.66201226
46 2008 06 23 07 30 00.00   3466.552217   5021.588349   2915.759833 -5.71174976  1.02204664  5.02779735
46 2008 06 23 08 00 00.00  -6057.581428  -1485.124699   2615.025363 -0.90351387 -5.54129755 -5.23649557
46 2008 06 23 08 30 00.00   2046.179710  -3673.503835  -5299.237051  6.53345547  4.01937057 -0.26347681
46 2008 06 23 09 00 00.00   4197.622805   4823.938539   2201.544395 -5.04018543  1.88475243  5.47619830
46 2008 06 23 09 30 00.00  -5863.689590   -718.446587   3291.932404 -1.94806220 -5.73437578 -4.71892572
46 2008 06 23 10 00 00.00   1138.762199  -4173.371809  -5200.904196  6.81228006  3.33242610 -1.18269893
46 2008 06 23 10 30 00.00   4829.234368   4512.022272   1435.200091 -4.24930308  2.70271926  5.79483210
46 2008 06 23 11 00 00.00  -5530.897293     65.226623   3890.834486 -2.94650603 -5.79161375 -4.08954137
46 2008 06 23 11 30 00.00    204.421059  -4574.450403  -4979.481792  6.92986784  2.56662306 -2.07391220
46 2008 06 23 12 00 00.00   5346.445104   4093.246786    634.885963 -3.35786759  3.45658174  5.97618346
46 2008 06 23 12 30 00.00  -5067.090636    847.330970   4397.546780 -3.87518269 -5.71164829 -3.36325161
46 2008 06 23 13 00 00.00   -734.731161  -4867.255311  -4640.218489  6.88344580  1.74007804 -2.91603955
46 2008 06 23 13 30 00.00   5737.027352   3577.546953   -180.441187 -2.38701581  4.12850296  6.01599270
46 2008 06 23 14 00 00.00  -4483.258976   1609.340679   4800.069177 -4.71208183 -5.49636935 -2.55726431
46 2008 06 23 14 30 00.00  -1656.470986  -5044.863346  -4191.148220  6.67411453  0.87234084 -3.68916476
46 2008 06 23 15 00 00.00   5991.754842   2977.148405   -991.475752 -1.35975382  4.70259508  5.91335308
46 2008 06 23 15 30 00.00  -3793.234325   2333.206921   5088.870172 -5.43736784 -5.15087561 -1.69067820
46 2008 06 23 16 00 00.00  -2538.988065  -5103.075174  -3642.900194  6.30682219 -0.01606570 -4.37500104
46 2008 06 23 16 30 00.00   6104.618810   2306.277141  -1779.019729 -0.30041133  5.16529289  5.67072886
46 2008 06 23 17 00 00.00  -3013.363693   3001.785150   5257.112391 -6.03385088 -4.68335388 -0.78402994
46 2008 06 23 17 30 00.00  -3361.399430  -5040.514225  -3008.448209  5.79024868 -0.90412862 -4.95732172
46 2008 06 23 18 00 00.00   6072.968234   1580.822525  -2524.435953  0.76593390  5.50567207  5.29389419
46 2008 06 23 18 30 00.00  -2162.122199   3599.240981   5300.814503 -6.48739520 -4.10488539  0.14119286
46 2008 06 23 19 00 00.00  -4104.242167  -4858.659589  -2302.805097  5.13660271 -1.77083949 -5.42234312
46 2008 06 23 19 30 00.00   5897.571253    817.961502  -3210.087906  1.81404843  5.71570506  4.79179449
46 2008 06 23 20 00 00.00  -1259.675728   4111.425359   5218.945854 -6.78725530 -3.42918316  1.06306159
46 2008 06 23 20 30 00.00  -4749.933316  -4561.811996  -1542.669046  4.36133603 -2.59568969 -5.75905094
46 2008 06 23 21 00 00.00   5582.596234     35.752596  -3819.756017  2.81913865  5.79044879  4.17633357
46 2008 06 23 21 30 00.00   -327.403272   4526.210115   5013.451389 -6.92633185 -2.67226675  1.95972739
46 2008 06 23 22 00 00.00  -5283.186160  -4156.993417   -746.029847  3.48278099 -3.35915480 -5.95946216
46 2008 06 23 22 30 00.00   5135.512810   -747.290939  -4339.020751  3.75743577  5.72815985  3.46209137
46 2008 06 23 23 00 00.00    612.610025   4833.775948   4689.206019 -6.90134092 -1.85208165  2.80994063
46 2008 06 23 23 30 00.00  -5691.373005  -3653.782275     68.256043  2.52171944 -4.04315687 -6.01881621
46 2008 06 24 00 00 00.00   4566.914930  -1512.638849  -4755.603395  4.60675657  5.53033443  2.66597875
46 2008 06 24 00 30 00.00   1538.097039   5026.845690   4253.899253 -6.71289219 -0.98807254  3.59355639
46 2008 06 24 01 00 00.00  -5964.825508  -3064.087921    880.911557  1.50089283 -4.63149341 -5.93569026
46 2008 06 24 01 30 00.00   3890.269976  -2242.182200  -5059.656362  5.34702661  5.20167183  1.80683741
46 2008 06 24 02 00 00.00   2427.137611   5100.857183   3717.852569 -6.36547394 -0.10072028  4.29201385
46 2008 06 24 02 30 00.00  -6097.065164  -2401.869371   1672.695821  0.44446472 -5.11022279 -5.71203554
46 2008 06 24 03 00 00.00   3121.599710  -2918.661782  -5243.995950  5.96075363  4.74996249  0.90499437
46 2008 06 24 03 30 00.00   3258.679212   5054.071310   3093.773916 -5.86734504  0.78894574  4.88877749
46 2008 06 24 04 00 00.00  -6084.958117  -1682.804969   2424.860608 -0.62255149 -5.46799658 -5.35313342
46 2008 06 24 04 30 00.00   2279.100573  -3526.076533  -5304.271984  6.43343978  4.18590299 -0.01821871
46 2008 06 24 05 00 00.00   4013.037069   4887.612574   2396.454999 -5.23033639  1.65984841  5.36972974
46 2008 06 24 05 30 00.00  -5928.790291   -923.920520   3119.595643 -1.67488623 -5.69633053 -4.86747177
46 2008 06 24 06 00 00.00   1382.712185  -4050.062050  -5239.070026  6.75392307  3.52284232 -0.94096981
46 2008 06 24 06 30 00.00   4672.361128   4605.441026   1642.418847 -4.46956700  2.49136429  5.72350508
46 2008 06 24 07 00 00.00  -5632.260739   -143.185206   3740.451482 -2.68761400 -5.78980721 -4.26654451
46 2008 06 24 07 30 00.00    453.644844  -4478.229905  -5049.943732  6.91463935  2.77646567 -1.84144226
46 2008 06 24 08 00 00.00   5221.058607   4214.256463    849.526410 -3.60308165  3.26381332  5.94175760
46 2008 06 24 08 30 00.00  -5202.393503    640.915005   4272.729809 -3.63674563 -5.74620554 -3.56457918
46 2008 06 24 09 00 00.00   -486.122585  -4800.459733  -4741.376743  6.91179930  1.96442343 -2.69834940
46 2008 06 24 09 30 00.00   5646.161901   3723.337486     36.552038 -2.65141967  3.95892481  6.01935589
46 2008 06 24 10 00 00.00  -4649.370403   1409.815802   4703.831602 -4.49979800 -5.56655385 -2.77819938
46 2008 06 24 10 30 00.00  -1414.362081  -5009.137295  -4320.675477  6.74547626  1.10591448 -3.49143607
46 2008 06 24 11 00 00.00   5937.633490   3144.319691   -777.261841 -1.63712549  4.56026878  5.95450094
46 2008 06 24 11 30 00.00  -3986.289008   2145.314554   5023.555214 -5.25632789 -5.25510571 -1.92603019
46 2008 06 24 12 00 00.00  -2309.121167  -5099.333283  -3797.795595  6.41960353  0.22123361 -4.20195534
46 2008 06 24 12 30 00.00   6088.600981   2490.918507  -1572.660269 -0.58421303  5.05364260  5.74876487
46 2008 06 24 13 00 00.00  -3228.851641   2830.001487   5224.337443 -5.88841720 -4.81923880 -1.02825597
