46 2008 06 23 01 00 00.00   5477.371900   -171.056273  -3965.779649  3.07352955  5.78732474  3.99722659
46 2008 06 23 01 30 00.00    -79.707096   4617.973204   4939.332844 -6.93569647 -2.46164731  2.18897106
46 2008 06 23 02 00 00.00  -5403.323450  -4033.560964   -532.451216  3.23670463 -3.54774616 -5.98887800
46 2008 06 23 02 30 00.00   4996.977129   -951.478464  -4459.251572  3.99075232  5.68902905  3.25946304
46 2008 06 23 03 00 00.00    858.931594   4896.055437   4584.851909 -6.86739682 -1.62771756  3.02379312
46 2008 06 23 03 30 00.00  -5776.922120  -3506.143558    283.535362  2.25732038 -4.20822052 -6.01068397
46 2008 06 23 04 00 00.00   4398.287033  -1709.345409  -4847.125450  4.81341020  5.45604869  2.44459224
46 2008 06 23 04 30 00.00   1777.178546   5058.094090   4121.726173 -6.63635397 -0.75527550  3.78689270
46 2008 06 23 05 00 00.00  -6013.672451  -2895.700217   1092.773270  1.22441723 -4.76904791 -5.89011504
46 2008 06 23 05 30 00.00   3695.497976  -2426.714308  -5120.233315  5.52205226  5.09392542  1.57191650
46 2008 06 23 06 00 00.00   2653.272430   5100.267554   3560.951035 -6.24808070  0.13498251  4.46018909
46 2008 06 23 06 30 00.00  -6107.970617  -2216.696886   1876.089849  0.16246581 -5.21693493 -5.63002073
46 2008 06 23 07 00 00.00   2905.267277  -3086.607092  -5272.128381  6.09993240  4.61125377  0.66209787
46 2008 06 23 07 30 00.00   3466.460655   5021.599654   2915.834414 -5.71182030  1.02194695  5.02774262
46 2008 06 23 08 00 00.00  -6057.590789  -1485.222694   2614.930060 -0.90337389 -5.54126557 -5.23655872
46 2008 06 23 08 30 00.00   2046.315265  -3673.412876  -5299.235595  6.53340410  4.01947521 -0.26333241
46 2008 06 23 09 00 00.00   4197.491237   4823.979998   2201.678296 -5.04032258  1.88459797  5.47613165
46 2008 06 23 09 30 00.00  -5863.736230   -718.607819   3291.795957 -1.94784918 -5.73435288 -4.71904879
46 2008 06 23 10 00 00.00   1138.980833  -4173.256049  -5200.933793  6.81223865  3.33260472 -1.18248319
46 2008 06 23 10 30 00.00   4829.068833   4512.115960   1435.412711 -4.24953587  2.70250552  5.79476876
46 2008 06 23 11 00 00.00  -5531.008809     64.988478   3890.661397 -2.94621446 -5.79162125 -4.08975093
46 2008 06 23 11 30 00.00    204.739877  -4574.322072  -4979.567357  6.92986341  2.56689877 -2.07361918
46 2008 06 23 12 00 00.00   5346.261408   4093.418282    635.193618 -3.35822499  3.45631234  5.97614738
46 2008 06 23 12 30 00.00  -5067.298780    847.007794   4397.350463 -3.87481734 -5.71171429 -3.36357428
46 2008 06 23 13 00 00.00   -734.302714  -4867.135158  -4640.388712  6.88351349  1.74047039 -2.91567284
46 2008 06 23 13 30 00.00   5736.851609   3577.822309   -180.028894 -2.38752221  4.12819177  6.01601562
46 2008 06 23 14 00 00.00  -4483.596140   1608.932410   4799.872138 -4.71165967 -5.49652682 -2.55772338
46 2008 06 23 14 30 00.00  -1655.933179  -5044.779359  -4191.432743  6.67429508  0.87286322 -3.68873850
46 2008 06 23 15 00 00.00   5991.621934   2977.551660   -990.957579 -1.36042595  4.70226600  5.91347212
46 2008 06 23 15 30 00.00  -3793.730354   2332.722754   5088.703067 -5.43691810 -5.15115964 -1.69129057
46 2008 06 23 16 00 00.00  -2538.352494  -5103.061023  -3643.326692  6.30715856 -0.01540858 -4.37454029
46 2008 06 23 16 30 00.00   6104.570399   2306.827363  -1778.404558 -0.30125508  5.16497933  5.67098362
46 2008 06 23 17 00 00.00  -3014.042611   3001.244106   5257.012223 -6.03341428 -4.68379872 -0.78480349
46 2008 06 23 17 30 00.00  -3360.689425  -5040.606926  -3009.039641  5.79078259 -0.90334234 -4.95686158
46 2008 06 23 18 00 00.00   6073.049984   1581.531652  -2523.743100  0.76492530  5.50541521  5.29432361
46 2008 06 23 18 30 00.00  -2162.999288   3598.671808   5300.822438 -6.48702202 -4.10552118  0.14026138
46 2008 06 23 19 00 00.00  -4103.492660  -4858.896919  -2303.576979  5.13737097 -1.76994115 -5.42192747
46 2008 06 23 19 30 00.00   5897.829651    818.832174  -3209.347120  1.81289574  5.71555171  4.79243357
46 2008 06 23 20 00 00.00  -1260.755446   4110.865274   5219.104348 -6.78700281 -3.43003331  1.06198751
46 2008 06 23 20 30 00.00  -4749.189091  -4562.229843  -1543.627953  4.36236774 -2.59470756 -5.75872997
46 2008 06 23 21 00 00.00   5583.075646     36.777653  -3819.005883  2.81787596  5.79044863  4.17721091
46 2008 06 23 21 30 00.00   -328.678478   4525.703010   5013.801740 -6.92626109 -2.67334595  1.95853784
46 2008 06 23 22 00 00.00  -5282.499997  -4157.623642   -747.172503  3.48409534 -3.35812751 -5.95929000
46 2008 06 23 22 30 00.00   5136.253004   -746.128759  -4338.307202  3.75610960  5.72836290  3.46322724
46 2008 06 23 23 00 00.00    611.158357   4833.370519   4689.786210 -6.90151398 -1.85339464  2.80867387
46 2008 06 23 23 30 00.00  -5690.803581  -3654.651055     66.942961  2.52332438 -4.04213219 -6.01884862
46 2008 06 24 00 00 00.00   4567.949229  -1511.366569  -4754.978006  4.60542439  5.53078888  2.66738383
46 2008 06 24 00 30 00.00   1536.499699   5026.593749   4254.742310 -6.71336961 -0.98961320  3.59226091
46 2008 06 24 01 00 00.00  -5964.435735  -3065.214279    879.451718  1.50278369 -4.63052711 -5.93598257
46 2008 06 24 01 30 00.00   3891.623423  -2240.836534  -5059.175024  5.34575580  5.20242196  1.80851148
46 2008 06 24 02 00 00.00   2425.437247   5100.811977   3718.984842 -6.36631241 -0.10247079  4.29074761
46 2008 06 24 02 30 00.00  -6096.920206  -2403.263952   1671.123193  0.44662342 -5.10937736 -5.71264084
46 2008 06 24 03 00 00.00   3123.287928  -2917.288121  -5243.717130  5.95961973  4.75104726  0.90692604
46 2008 06 24 03 30 00.00   3256.929112   5054.285974   3095.214330 -5.86859554  0.78701452  4.88760636
46 2008 06 24 04 00 00.00  -6085.123856  -1684.469628   2423.218687 -0.62015640 -5.46733971 -5.35410102
46 2008 06 24 04 30 00.00   2281.128860  -3524.728611  -5304.255704  6.43252517  4.18735445 -0.01605259
46 2008 06 24 05 00 00.00   4011.301452   4888.138889   2398.213673 -5.23204214  1.65777778  5.36872685
46 2008 06 24 05 30 00.00  -5929.331887   -925.846725   3117.938216 -1.67230128 -5.69593416 -4.86884525
46 2008 06 24 06 00 00.00   1385.073190  -4048.802192  -5239.376694  6.75331598  3.52468335 -0.93860592
46 2008 06 24 06 30 00.00   4670.715881   4606.327436   1644.494507 -4.47176005  2.48920916  5.72275018
46 2008 06 24 07 00 00.00  -5633.239973   -145.351671   3738.843421 -2.68490287 -5.78974609 -4.26835864
46 2008 06 24 07 30 00.00    456.315968  -4477.128387  -5050.631741  6.91443218  2.77870752 -1.83893232
46 2008 06 24 08 00 00.00   5219.589833   4215.545689    851.904811 -3.60578011  3.26164203  5.94133512
46 2008 06 24 08 30 00.00  -5203.865952    638.543158   4271.246063 -3.63398906 -5.74655461 -3.56685738
46 2008 06 24 09 00 00.00   -483.181053  -4799.593666  -4742.500049  6.91208536  1.96706294 -2.69576093
46 2008 06 24 09 30 00.00   5644.964974   3725.063481     39.203378 -2.65462373  3.95681944  6.01935251
46 2008 06 24 10 00 00.00  -4651.381432   1407.288901   4702.556496 -4.49709444 -5.56738523 -2.78094996
46 2008 06 24 10 30 00.00  -1411.208884  -5008.588569  -4322.280089  6.74634603  1.10893135 -3.48885280
46 2008 06 24 11 00 00.00   5936.810404   3146.504436   -774.384608 -1.64081393  4.55832403  5.95500203
46 2008 06 24 11 30 00.00  -3988.869519   2142.699277   5022.580505 -5.25379242 -5.25648451 -1.92924262
46 2008 06 24 12 00 00.00  -2305.835736  -5099.185778  -3799.915411  6.42113961  0.22458738 -4.19947701
46 2008 06 24 12 30 00.00   6088.256647   2493.568193  -1569.622953 -0.58833968  5.05196398  5.74985015
46 2008 06 24 13 00 00.00  -3232.013645   2827.380505   5223.758882 -5.88617894 -4.82121881 -1.03189801
